2291.107422
2287.668701
2285.017090
2287.184814
2282.505371
2274.268799
2266.626953
2262.165771
2269.930908
2282.028809
2279.551025
2265.899414
2263.092285
2270.745117
2283.963135
2288.554199
2289.232178
2290.770264
2287.811768
2282.390869
2278.828125
2264.404785
2252.522949
2255.752930
2262.259033
2258.803467
2253.188232
2244.570068
2239.994873
2245.766846
2262.262939
2276.108643
2279.204102
2282.195557
2288.146240
2293.671143
2293.197998
2289.055664
2283.981445
2274.167725
2261.610840
2263.954834
2278.547607
2285.365234
2283.352783
2274.694824
2269.409180
2273.066406
2270.830811
2262.190674
2266.783203
2269.679688
2262.638916
2261.422363
2264.757568
2270.209717
2274.116455
2266.531006
2244.729492
2206.940918
2152.289062
2120.882080
2128.901367
2167.946289
2191.165527
2181.173584
2143.683350
2127.814941
2143.215332
2145.576660
2151.616211
2156.374268
2154.047607
2153.568115
2156.033691
2164.999023
2179.596680
2189.619141
2176.798340
2165.367432
2155.166504
2151.078857
2145.830322
2146.425537
2130.132080
2111.427246
2115.525879
2129.057861
2139.930176
2161.029541
2173.358887
2177.347168
2184.610107
2195.209717
2202.300049
2201.802246
2195.745850
2201.092529
2215.858398
2223.875244
2223.950439
2218.010010
2222.555664
2242.502930
2253.939209
2250.425537
2252.152100
2260.736328
2264.277588
2269.097412
2277.898926
2280.996582
2277.620361
2273.472656
2266.583740
2262.408936
2262.752686
2252.056641
2232.272705
2227.728516
2238.214600
2252.296631
2260.796143
2262.587158
2260.579590
2258.262695
2261.667725
2265.587158
2265.371338
2269.055664
2268.490723
2252.966797
2251.670898
2259.141602
2255.628174
2244.666260
2238.914307
2224.709229
2211.783447
2220.920410
2241.093262
2244.121582
2219.512451
2203.096436
2211.747070
2234.093262
2246.868164
2241.227539
2242.879639
2245.923340
2239.354492
2217.907715
2207.765137
2200.472168
2180.087891
2156.674805
2141.704834
2144.236572
2137.066162
2127.368896
2111.967773
2101.630859
2085.177246
2084.437256
2102.004883
2108.263916
2107.309082
2103.160645
2100.916260
2117.239014
2136.395508
2131.653320
2116.831299
2117.314209
2113.177979
2093.153076
2080.846436
2084.071289
2075.514648
2076.895996
2095.671387
2119.861084
2129.507812
2122.943604
2128.485596
2132.892578
2129.847656
2139.699707
2153.261475
2152.725586
2157.943848
2172.228516
2183.496094
2190.428711
2192.213623
2185.787109
2183.182373
2185.637451
2199.679443
2211.291260
2210.017090
2209.732910
2217.503662
2228.979248
2234.756592
2234.380615
2229.220459
2223.100830
2224.917480
2232.277588
2244.862305
2248.156250
2245.885010
2246.691162
2240.202393
2239.670410
2237.457520
2236.657227
2236.360352
2238.832031
2250.969971
2260.471191
2260.333984
2260.373047
2267.742432
2275.179199
2273.801514
2268.362061
2265.011963
2268.512451
2272.479980
2268.103027
2254.979248
2254.302246
2253.774658
2246.150391
2240.322266
2238.538818
2242.547363
2252.694580
2254.516113
2247.427002
2237.535645
2238.356201
2239.394531
2236.472412
2229.843750
2232.530762
2236.774902
2245.776123
2259.078369
2265.515625
2267.399414
2268.197021
2268.819092
2272.690186
2274.617676
2279.829590
2285.927979
2289.858154
2288.969971
2280.350830
2269.091797
2260.354736
2259.716797
2258.303467
2257.556641
2262.275391
2266.164062
2266.474609
2272.710449
2254.324951
2216.310791
2208.340820
2235.078613
2265.495850
2278.636475
2267.526855
2258.485352
2263.765137
2282.781494
2300.850342
2310.660156
2313.364746
2318.832764
2323.210693
2326.855225
2328.187500
2332.747070
2333.984131
2335.265381
2334.979248
2333.919189
2333.004639
2332.951660
2334.921143
2336.127930
2329.389160
2325.211426
2327.399170
2336.492676
2342.775391
2343.020752
2338.633301
2339.689453
2342.850586
2347.680664
2345.458008
2340.977295
2343.127686
2344.820068
2344.548584
2347.303223
2343.580322
2337.937256
2335.225830
2338.179932
2340.301514
2336.244629
2332.029785
2336.755859
2342.675537
2344.979492
2342.609619
2321.297852
2310.409424
2307.742920
2305.904541
2309.153320
2311.056396
2310.711426
2309.405273
2314.142090
2328.199707
2331.060303
2319.345215
2314.286377
2323.038330
2326.309570
2328.661377
2326.987061
2321.904053
2322.399414
2324.403320
2323.816650
2326.592041
2318.024902
2309.423584
2302.747314
2306.214355
2305.405029
2307.671387
2310.498779
2309.658203
2306.815186
2311.894531
2313.707275
2309.330811
2306.157227
2301.610840
2300.082520
2293.712158
2283.620605
2274.906982
2270.565430
2285.062012
2302.324463
2312.608154
2320.363281
2319.590332
2319.534668
2327.714355
2335.270752
2341.496582
2344.098389
2349.177246
2356.120605
2359.223389
2364.066406
2363.649170
2361.714111
2361.239746
2357.245605
2354.298584
2359.820557
2366.092041
2376.639893
2388.671875
2397.293945
2399.827393
2405.793701
2404.877197
2404.696777
2406.437744
2409.281006
2414.621582
2415.878174
2411.212158
2409.320068
2413.780518
2410.648926
2402.524658
2395.522705
2400.306396
2411.422607
2414.779053
2415.378418
2413.667236
2412.764160
2413.623535
2412.997559
2416.899414
2416.027832
2414.909180
2413.020264
2414.796143
2413.422607
2417.342285
2429.761230
2436.434082
2434.729248
2423.930664
2417.902832
2422.310547
2425.819824
2433.414795
2435.380127
2434.230957
2432.000732
2438.070312
2448.375000
2457.748291
2462.404053
2468.915039
2473.487061
2475.396240
2483.943115
2489.731934
2491.206055
2490.495605
2493.832764
2494.771729
2508.119629
2513.052979
2508.054443
2501.127441
2497.990234
2497.250244
2496.092773
2499.276123
2501.361816
2496.740234
2500.914795
2506.425537
2506.432861
2501.378662
2489.746826
2479.539551
2480.085449
2481.946533
2476.124512
2479.490967
2486.584961
2491.449707
2491.047119
2485.169678
2483.073242
2486.379883
2487.091797
2486.484131
2486.765137
2482.969238
2479.494629
2472.941162
2473.865967
2476.206055
2476.251709
2479.377441
2480.357910
2491.261230
2504.148926
2509.458008
2507.753418
2506.438232
2509.175293
2513.319580
2513.322998
2513.137451
2517.703125
2521.897949
2522.068604
2520.471924
2516.742432
2515.299805
2520.479736
2524.488525
2506.292480
2492.778320
2500.715576
2515.600098
2522.103760
2521.732910
2525.127441
2529.135986
2529.904297
2529.277100
2536.274414
2547.366211
2552.101807
2548.251709
2545.729248
2548.291016
2549.758301
2547.393799
2551.310791
2554.249756
2549.161621
2546.713623
2557.156494
2559.816162
2553.904053
2550.241943
2551.226562
2555.947998
2549.758301
2549.356934
2545.177246
2543.563232
2547.007812
2548.116943
2539.050537
2536.945312
2542.487061
2543.716064
2550.958984
2557.163330
2562.751709
2566.511719
2566.328125
2572.888672
2579.725830
2580.061279
2578.996826
2583.377930
2587.162598
2585.496582
2581.636230
2581.966309
2585.218262
2586.467041
2584.240234
2584.391113
2586.833740
2587.255615
2582.224609
2568.158203
2559.181641
2569.689209
2579.242188
2580.359619
2562.927979
2545.763916
2542.477051
2556.821533
2564.004639
2559.333496
2555.570312
2555.065674
2554.312500
2561.226074
2573.630127
2581.737793
2572.946045
2569.206787
2572.494141
2575.070557
2586.030518
2597.262207
2600.289551
2598.110840
2598.757812
2604.458252
2609.289551
2609.720459
2607.647461
2605.868652
2603.909668
2604.876221
2608.838379
2611.749268
2615.499756
2622.090332
2628.072266
2631.220947
2637.482666
2641.119385
2641.247070
2643.105957
2646.669189
2648.181885
2649.664795
2651.469971
2653.054932
2655.520996
2653.876221
2660.420898
2663.166260
2661.595703
2653.953369
2653.696045
2663.957275
2668.110107
2666.783203
2667.783203
2666.964355
2670.951904
2676.827881
2679.082275
2678.877686
2672.619629
2670.671387
2672.887695
2671.363770
2663.839600
2668.558594
2672.753662
2672.771484
2678.385010
2682.773926
2685.392578
2685.921631
2694.709717
2704.691162
2716.391602
2714.242432
2717.683350
2715.194092
2711.198486
2714.240967
2725.842041
2734.641602
2738.590332
2738.758789
2734.016357
2739.133301
2754.992188
2759.245361
2754.085205
2753.235352
2754.543457
2755.142822
2756.448975
2758.986328
2756.311279
2759.269043
2770.718506
2783.899658
2793.771240
2798.780762
2803.774170
2802.964844
2811.960205
2828.537598
2836.779541
2841.064209
2845.033691
2851.224121
2863.869385
2877.148682
2880.892334
2880.290527
2892.507568
2898.952637
2881.210938
2871.568359
2872.518311
2852.368896
2789.230713
2748.426514
2768.123291
2743.962158
2702.740723
2712.817383
2731.565430
2744.529541
2761.899414
2775.317383
2769.718262
2763.565430
2764.440186
2783.850098
2815.080078
2819.142822
2795.416260
2763.881592
2752.360107
2774.203613
2797.426514
2793.713867
2790.303467
2810.664795
2830.373535
2827.095215
2811.020996
2803.985352
2811.040039
2798.647217
2788.800781
2788.759766
2760.073975
2716.247070
2715.719482
2723.314453
2709.908936
2708.516846
2689.130371
2681.173828
2691.937012
2722.228271
2708.225098
2692.790283
2707.558105
2720.558838
2731.020996
2732.378174
2738.428467
2757.799072
2771.324951
2764.236816
2749.184814
2743.970947
2735.305664
2724.431152
2736.532959
2748.720215
2742.931396
2725.890869
2718.971436
2709.944092
2720.215576
2742.636719
2744.912842
2748.893555
2766.145264
2780.209717
2786.909668
2776.728027
2777.258057
2784.713867
2786.103271
2794.352783
2796.457520
2791.519043
2788.794678
2788.505859
2773.974121
2778.662842
2782.395996
2790.514648
2801.222168
2804.315674
2811.134277
2818.942383
2823.379883
2830.387207
2835.175781
2834.401367
2834.842285
2832.847168
2829.126953
2822.131836
2826.376953
2822.667725
2818.765869
2797.843994
2789.112793
2786.236328
2782.581787
2788.407227
2785.482422
2783.143799
2786.752197
2800.644287
2821.903564
2834.385498
2826.841553
2830.090088
2841.983643
2848.308105
2851.310791
2858.052979
2857.783691
2855.145996
2854.652100
2864.946289
2877.633057
2882.185303
2872.265381
2857.924561
2859.745361
2866.218018
2867.840820
2876.476074
2885.037598
2892.909912
2893.610107
2891.685791
2880.708252
2874.489014
2879.889893
2874.687256
2880.695801
2887.782959
2893.632568
2898.505859
2897.460693
2895.263428
2901.616211
2918.458496
2928.112305
2932.755371
2930.669678
2928.189453
2927.137207
2924.881836
2920.577148
2914.987793
2917.428955
2919.839111
2922.504150
2929.460693
2932.224609
2925.902100
2926.111572
2933.748535
2948.000732
2955.147705
2946.767334
2941.661621
2941.025635
2944.763916
2945.608154
2951.075439
2952.126953
2952.746094
2938.996338
2924.833008
2917.746582
2920.947754
2887.405029
2828.392822
2817.221680
2828.773926
2849.733643
2855.550537
2832.891846
2816.676758
2811.617676
2796.560303
2768.355225
2762.516357
2749.449463
2736.438721
2738.028564
2767.813477
2786.095215
2782.029297
2777.653564
2789.433105
2826.373291
2847.126221
2833.325195
2803.119141
2790.329834
2788.336914
2789.269043
2799.436279
2786.757568
2744.242188
2731.249268
2727.709229
2741.357178
2750.023193
2771.049561
2786.630127
2793.414307
2814.386230
2794.320068
2748.954834
2731.310791
2722.710449
2733.683105
2745.582031
2739.038818
2706.427246
2664.575195
2648.229736
2639.150635
2608.096436
2572.751953
2524.467773
2530.126221
2565.786865
2593.558350
2593.422852
2581.025391
2561.069336
2582.276855
2622.996094
2649.234375
2657.854980
2658.239014
2664.520264
2667.802979
2681.386230
2698.789795
2708.520508
2728.127686
2722.732178
2713.226562
2715.061768
2734.307617
2730.521240
2722.839844
2736.626709
2760.194580
2771.970459
2774.764160
2783.918701
2789.516113
2777.401611
2768.422119
2776.908447
2798.032471
2813.737793
2808.037842
2814.081055
2825.140137
2832.833496
2829.890869
2834.704590
2847.046631
2848.760986
2842.470947
2839.845947
2848.382812
2850.288818
2845.558594
2836.091309
2819.933350
2806.370117
2822.118408
2844.780762
2856.195801
2852.636475
2853.765137
2863.293701
2872.989014
2870.807617
2876.051270
2868.786865
2853.405518
2860.188232
2863.657227
2863.553223
2871.508057
2890.986328
2900.675781
2903.020996
2903.644287
2913.168701
2920.815186
2917.307129
2917.507080
2922.194092
2933.788086
2937.576416
2937.450684
2935.164551
2933.248779
2935.041748
2947.667480
2956.171631
2952.076904
2951.888672
2960.991943
2963.659912
