0.0 0.0 0.073421135928875 0.0
0.04208294609665586 0.08784918163731703 0.0 0.14801110417200647
0.09724965148699027 0.13117100193034759 0.14867263944510967 0.14963918660856734
0.35182388475836035 0.37927948583304527 0.2746617948612098 0.4319075278055493
0.3378470608736066 0.3506497348549331 0.37979095275449737 0.4048510358719568
0.4339059595724919 0.41472091354865626 0.4353143965979953 0.4267344853851611
0.46275267193308167 0.3350479627835483 0.4885842863630714 0.3289953901080409
0.3200002904275081 0.281275654727132 0.33032630086839276 0.3967178435669041
0.3365074639869903 0.34868241019459134 0.2453483891389041 0.4401887276048413
0.7350212012081769 0.5331708688031114 0.40332425030620556 0.8203441715731756
0.7427538336431212 0.7985452151853849 0.7416842134236106 0.7252692111922485
0.6872894400557641 0.598454984505473 0.6710808802279047 0.7092988415706074
0.7881040892193312 0.6699480064196948 0.626267839202896 0.912018569525614
0.9314518471189572 1.0 0.8344136630747414 0.9585976109424408
0.9121202660316001 0.7691610765555552 0.785933005793872 1.0
1.0 0.757800886035696 1.0 0.6732211123665621
0.6661717297862424 0.41154065187968314 0.5748283170251725 0.5813987069198916
