2886.8798828125 2873.330078125 2886.580078125 2878.199951171875 3007980000 2878.199951171875
2889.7099609375 2879.1298828125 2881.3701171875 2888.2099609375 3062380000 2888.2099609375
2893.419921875 2881.989990234375 2891.919921875 2888.320068359375 2938540000 2888.320068359375
2910.5400390625 2898.3701171875 2900.860107421875 2907.409912109375 3688490000 2907.409912109375
2909.60009765625 2896.47998046875 2908.320068359375 2905.580078125 3088330000 2905.580078125
2916.06005859375 2900.7099609375 2912.260009765625 2907.06005859375 3402210000 2907.06005859375
2918.0 2895.449951171875 2916.0400390625 2900.449951171875 3602300000 2900.449951171875
2908.39990234375 2891.89990234375 2904.81005859375 2905.030029296875 3506850000 2905.030029296875
2909.510009765625 2896.35009765625 2898.780029296875 2907.969970703125 2997950000 2907.969970703125
2936.31005859375 2908.530029296875 2909.989990234375 2933.679931640625 3635030000 2933.679931640625
2936.830078125 2926.050048828125 2934.0 2927.25 3448960000 2927.25
2933.10009765625 2912.840087890625 2928.989990234375 2926.169921875 3425280000 2926.169921875
2939.8798828125 2917.56005859375 2925.81005859375 2939.8798828125 3248500000 2939.8798828125
2949.52001953125 2939.35009765625 2940.580078125 2943.030029296875 3118780000 2943.030029296875
2948.219970703125 2924.110107421875 2937.139892578125 2945.830078125 3919330000 2945.830078125
2954.1298828125 2923.360107421875 2952.330078125 2923.72998046875 3645850000 2923.72998046875
2931.679931640625 2900.5 2922.159912109375 2917.52001953125 3778890000 2917.52001953125
